32452
32394
32448
32418
32454
32398
32512
32696
32788
32706
32526
32514
32656
32688
32610
32774
32884
32758
32711
32834
32856
33112
33240
33408
33664
33746
33684
33814
33904
33894
33924
34030
33997
33776
33496
33200
33010
32764
32655
32764
32809
32607
32441
32424
32469
32470
32338
32384
32498
32478
32546
32538
32534
32480
32316
32409
32550
32568
32488
32600
32698
32624
32468
32623
32730
32665
32482
32507
32448
32406
32408
32512
32568
32497
32515
32633
32588
32476
32484
32522
32491
32492
32523
32620
32748
32775
32728
32775
32834
32800
32746
32876
32996
32986
32892
32866
32838
32684
32484
32470
32426
32460
32394
32582
32845
32818
32652
32768
32874
32868
32719
32650
32677
32714
32612
32626
32748
32804
32790
32829
32894
32798
32693
32610
32616
32568
32460
32522
32700
32647
32556
32666
32696
32768
32724
32770
32896
32850
32632
32725
32903
33028
32908
32752
32348
31526
30792
31249
33488
37126
40333
42694
41728
38428
34712
33320
32444
32096
31928
31938
31948
31816
31746
31824
31849
31916
31912
31957
32100
32058
32054
32088
32135
32196
32164
32228
32290
32225
32218
32258
32276
32242
32158
32180
32220
32261
32206
32215
32357
32345
32256
32330
32448
32630
32680
32694
32836
32895
32944
33128
33272
33304
33326
33472
33566
33415
33188
33054
32996
32909
32854
32839
32686
32596
32536
32556
32661
32698
32605
32696
32770
32713
32556
32688
32713
32579
32456
32556
32766
32864
32760
32684
32809
32816
32736
32748
32840
32927
32920
32908
32989
32985
32897
32946
33008
32972
32912
32960
32996
33060
33008
32940
33080
33130
33094
33136
33193
33257
33257
33261
33312
33273
33162
33164
33128
33136
33172
33244
33208
33159
33095
33002
32977
33082
33056
33073
33124
33100
33046
33080
33154
33090
33012
33000
33002
32880
32586
32626
32640
32594
32588
32647
32748
32774
32736
32796
32801
32829
32968
33080
33162
33136
33092
33084
33108
32996
32900
32828
32892
32952
32933
32882
32930
32888
32768
32747
32774
32741
32572
32528
32648
32597
32490
32564
32644
32650
32646
32710
32656
32566
32424
32296
32334
32316
32296
32329
32452
32516
32464
32430
32426
32356
32257
32396
32567
32459
32316
32242
32362
32306
32232
32344
32442
32371
32312
32349
32480
32484
32440
32492
32618
32546
32456
32469
32498
32436
32428
32340
32386
32262
32084
31958
32038
32058
31895
31872
32000
31826
31329
30676
30254
30990
33570
37344
40628
42658
40924
37097
33586
32326
31602
31446
31348
31297
31278
31304
31344
31356
31268
31196
31320
31556
31492
31488
31616
31700
31705
31692
31876
31972
31992
31994
32096
32000
31976
31964
32028
32112
32032
32004
32126
32218
32192
32240
32330
32368
32340
32344
32502
32600
32647
32820
32946
32971
32907
33023
33050
33055
32976
32921
32964
32848
32650
32447
32440
32382
32233
32138
32176
32160
32123
32282
32462
32456
32356
32399
32564
32518
32472
32536
32580
32549
32378
32250
32278
32263
32276
32306
32400
32360
32390
32472
32622
32624
32504
32512
32567
32540
32404
32356
32452
32444
32384
32340
32438
32452
32381
32354
32450
32432
32485
32553
32768
32720
32561
32494
32600
32600
32600
32640
32784
32850
32925
32994
33158
33140
33108
33048
33156
33254
33184
33096
33134
33124
33128
33078
33187
33132
33055
33007
33018
32986
32876
32932
33027
32929
32844
32775
32928
32895
32810
32754
32746
32736
32610
32544
32652
32656
32546
32472
32592
32577
32450
32432
32492
32394
32274
32211
32352
32390
32366
32440
32640
32652
32612
32572
32646
32584
32666
32680
32774
32768
32647
32582
32609
32494
32380
32393
32524
32548
32474
32548
32744
32770
32720
32732
32892
32925
32805
32712
32832
32768
32680
32598
32826
32868
32848
32706
32640
32540
32460
32380
32396
32304
32200
31992
31687
31103
30210
29924
31321
34488
38048
41084
41992
39046
34776
32727
31864
31364
31099
30941
30928
30964
30986
31024
31156
31222
31257
31329
31482
31524
31554
31612
31682
31674
31648
31776
32020
32108
32116
32070
32162
32184
32127
32032
32168
32244
32325
32348
32486
32536
32600
32752
33045
33024
33012
33066
33254
33287
33260
33287
33430
33380
33345
33369
33580
33592
33472
33282
33284
33212
33180
33106
33084
32997
32820
32760
32836
32750
32593
32549
32724
32775
32784
32788
32932
33056
33008
32988
33093
33074
32960
32732
32826
32824
32775
32712
32748
32850
32772
32746
32952
33052
32952
32872
33016
33021
32988
32922
32968
32928
32850
32861
33044
33034
32880
32882
33117
33189
33104
33005
33152
33136
33091
33076
33106
33148
33150
33193
33248
33212
33171
33076
33248
33257
33200
33146
33236
33208
33117
33012
33125
33159
33143
33126
33158
33049
32924
32894
32916
32770
32775
32748
32838
32860
32894
32772
32914
32910
32834
32731
32786
32764
32650
32577
32637
32628
32664
32680
32728
32692
32587
32528
32642
32634
32536
32446
32640
32666
32604
32652
32792
32796
32728
32658
32728
32810
32750
32668
32816
32808
32714
32638
32724
32820
32828
32822
32869
32820
32792
32698
32900
32848
32752
32674
32687
32744
32642
32530
32588
32619
32612
32546
32710
32694
32645
32633
32838
32900
32903
32871
32692
32098
31429
30820
31498
33904
37608
40832
43076
41222
37102
33762
32748
32144
31860
31684
31702
31762
31677
31629
31750
31645
31460
31451
31628
31646
31642
31628
31788
31730
31709
31792
31936
31964
31925
31991
32101
32076
32152
32178
32260
32288
32288
32185
32416
32462
32457
32390
32616
32714
32772
32824
32960
33036
33112
33269
33548
33598
33513
33438
33498
33334
33240
33064
33078
32947
32696
32410
32400
32249
32162
32187
32286
32298
32322
32212
32400
32496
32394
32358
32602
32584
32376
32218
32306
32420
32460
32352
32468
32363
32177
32134
32243
32232
32212
32200
32434
32416
32324
32220
32344
32500
32524
32516
32586
32540
32462
32421
32508
32480
32468
32390
32458
32548
32568
32498
32532
32380
32308
32344
32530
32569
32509
32372
32466
32553
32615
32548
32592
32515
32485
32518
32580
32533
32509
32366
32510
32581
32516
32516
32640
32567
32532
32484
32544
32536
32580
32552
32612
32626
32580
32536
32600
32566
32625
32588
32662
32592
32570
32536
32634
32628
32541
32522
32672
32626
32624
32537
32610
32636
32618
32528
32800
32944
32840
32848
33049
32964
32925
32914
33060
33080
32992
32884
32950
33002
32989
32946
33010
32992
32962
32864
32978
33033
32964
32809
32928
32972
32930
32861
32896
32843
32714
32616
32632
32642
32696
32664
32851
32801
32348
31648
31008
30760
31948
34946
38912
41888
42887
39994
35526
33376
32609
32326
32221
32051
32008
31928
31950
31925
32031
31960
32108
32093
32064
32010
32072
32011
31969
31869
32008
32129
32204
32212
32204
32240
32320
32347
32415
32328
32300
32327
32509
32550
32553
32568
32636
32720
32809
32832
33025
33122
33287
33328
33468
33556
33652
33656
33780
33678
33586
33604
33618
33482
33287
33132
33128
32992
32804
32598
32610
32684
32616
32518
32636
32626
32716
32648
32714
32704
32664
32546
32656
32640
32616
32596
32712
32676
32728
32800
33002
32996
32852
32794
32832
32866
32903
32984
33134
33176
33164
33095
33224
33227
33185
33048
33104
33112
33024
32980
33060
33002
33035
33058
33232
33196
33236
33107
33159
33234
33208
33110
33196
33274
33204
33058
33190
33196
33080
33044
33159
33104
33104
33110
33216
33200
33184
33040
33014
33082
33004
32893
32910
32852
32854
32848
33012
32984
33040
33057
33170
33040
32976
32844
33014
33044
33085
32940
32988
33000
33026
32940
33024
32995
32884
32765
32933
33058
33120
33077
33092
33048
33064
32984
33088
33124
33112
33016
33102
33005
32907
32911
33052
33040
32976
32839
32928
32930
32852
32872
32958
32966
32945
32798
32808
32785
32804
32732
32840
32788
32628
32613
32706
32775
32775
32695
32548
32038
31273
30704
31595
34186
38158
41370
43404
41560
37208
33855
32918
32288
31996
31764
31830
31754
31760
31586
31690
31664
31602
31624
31720
31748
31696
31649
31790
31933
32006
31896
31974
31980
31943
31906
32074
31978
31956
31916
32092
32128
32068
32052
32144
32186
32141
32084
32256
32323
32340
32429
32722
32776
32850
32844
32981
33144
33230
33248
33424
33461
33381
33170
33116
33000
32796
32600
32616
32523
32386
32259
32360
32314
32368
32418
32505
32514
32494
32418
32624
32714
32604
32444
32612
32592
32482
32352
32484
32538
32464
32428
32586
32632
32556
32440
32583
32612
32587
32494
32610
32504
32422
32408
32477
32438
32354
32394
32544
32534
32454
32312
32558
32572
32398
32332
32521
32532
32574
32621
32730
32635
32578
32492
32667
32615
32600
32535
32644
32761
32791
32684
32757
32829
32825
32726
32741
32686
32672
32634
32708
32658
32644
32620
32742
32712
32680
32510
32504
32500
32484
32392
32418
32391
32426
32352
32500
32582
32565
32457
32546
32554
32611
32578
32720
32688
32493
32430
32564
32646
32649
32616
32690
32690
32664
32626
32772
32775
32772
32600
32738
32676
32608
32516
32626
32716
32690
32598
32672
32676
32620
32520
32592
32596
32564
32188
31740
30980
30608
31720
34900
38697
41784
42918
40397
36128
33674
32600
32090
31874
31720
31520
31632
31606
31554
31520
31660
31765
31802
31751
31926
31885
31805
31700
31812
31904
31940
31814
31892
31838
31881
31894
31970
31942
31912
31848
31977
32072
32162
32120
32344
32410
32402
32263
32406
32519
32640
32712
32892
33018
33044
33020
33274
33458
33505
33576
33684
33584
33420
33148
33016
32832
32685
32540
32578
32572
32474
32440
32551
32508
32368
32284
32440
32526
32530
32404
32504
32508
32391
32288
32356
32388
32258
32195
32304
32292
32250
32164
32306
32400
32436
32389
32505
32491
32502
32464
32564
32586
32554
32461
32476
32432
32414
32402
32528
32589
32519
32512
32622
32628
32628
32550
32626
32636
32630
32575
32682
32686
32594
32445
32616
32662
32642
32571
32720
32728
32754
32654
32744
32797
32784
32594
32637
32699
32680
32656
32850
32960
32990
32908
33012
33042
32960
32868
32920
32920
32920
32836
32876
32885
32860
32770
32818
32832
32827
32720
32879
32954
32988
32910
33016
32952
32892
32744
32805
32820
32752
32586
32648
32696
32708
32698
32874
32896
32836
32720
32792
32775
32776
32682
32728
32718
32708
32592
32616
32626
32630
32564
32644
32692
32696
32576
32524
32016
31362
30680
31189
33329
37044
40352
42864
41792
38178
34448
33170
32383
32080
31819
31872
31912
31904
31800
31936
31950
31908
31826
31982
31962
31984
31924
32010
32080
32104
32033
32144
32219
32174
32041
32101
32128
32084
31945
32008
32068
32152
32158
32286
32296
32336
32272
32388
32470
32518
32464
32601
32658
32704
32708
32876
32964
33034
33017
33132
33163
33136
32953
32932
32790
32502
32276
32306
32331
32290
32236
32302
32272
32306
32298
32312
32294
32248
32149
32256
32294
32281
32118
32187
32178
32112
32020
32092
32219
32248
32140
32218
32248
32272
32198
32252
32292
32360
32338
32494
32560
32541
32455
32586
32576
32484
32408
32552
32573
32578
32472
32588
32504
32464
32428
32546
32536
32549
32492
32588
32600
32553
32396
32416
32506
32598
32526
32612
32592
32634
32552
32586
32604
32520
32424
32526
32568
32514
32414
32524
32558
32628
32662
32706
32763
32770
32704
32752
32847
32792
32660
32673
32736
32696
32640
32692
32736
32684
32640
32744
32796
32666
32542
32601
32568
32592
32489
32594
32654
32616
32688
32772
32792
32758
32650
32821
32949
32980
32859
32860
32856
32804
32729
32848
32859
32792
32614
32687
32796
32832
32836
32960
32902
32888
32885
32992
32828
32346
31548
31005
31316
33448
37148
40776
43306
41848
37724
34190
33043
32465
32052
31944
31908
31807
31709
31719
31826
31840
31709
31751
31864
32008
31922
32010
32088
32000
31828
31924
32104
32152
32162
32248
32220
32242
32238
32344
32368
32248
32096
32240
32366
32334
32290
32398
32473
32617
32600
32918
33030
33158
33226
33362
33556
33740
33684
33772
33857
33860
33816
33757
33476
33192
32964
32884
32858
32647
32487
32560
32658
32617
32486
32552
32629
32604
32404
32512
32560
32554
32536
32640
32612
32534
32492
32438
32598
32628
32442
32440
32528
32659
32536
32545
32672
32816
32736
32775
32868
32932
32846
32868
32853
32747
32793
32844
32856
32844
32710
32736
32731
32802
32673
32804
32900
32907
32744
32865
32962
32920
32832
32857
32907
32868
32785
32832
32768
32725
32775
32978
33062
33096
33064
33124
33056
33014
32760
32690
32814
32852
32624
32658
32658
32516
32646
32811
32848
32888
32786
32834
32762
32775
32633
32722
32660
32536
32673
32903
32984
32802
32762
32854
32692
32670
32612
32696
32818
32796
32718
32712
32680
32866
32884
32994
32946
32969
33050
33152
32996
32944
32832
32872
32866
32836
32628
32820
32944
32845
32796
32900
33129
33080
32804
32760
32804
32372
31556
31077
31642
34208
38397
42004
43896
41661
36534
33642
32936
32062
31856
31926
31764
31820
31736
31751
31826
31813
31588
31638
31781
31937
31722
31904
31984
31793
31858
32035
32148
32186
32253
32362
32299
32378
32178
32248
32440
32410
32212
32418
32660
32473
32444
32544
32568
32735
32770
33056
33128
33343
33348
33443
33596
33626
33584
33638
33664
33808
33586
33473
33344
33075
32816
32564
32416
32467
32199
32150
32158
32160
32049
32208
32310
32164
32216
32248
32228
32076
32140
32323
32326
32402
32233
32296
32432
32276
32037
32171
32396
32384
32276
32414
32548
32340
32326
32500
32585
32544
32492
32640
32674
32658
32646
32708
32768
32813
32714
32691
32874
32940
32856
32714
32864
32994
32828
32885
32900
32903
32874
32959
32954
32988
33004
33010
33028
32972
32772
32845
32968
32954
32733
32775
32926
32908
32752
32794
32885
32832
32808
32874
32966
32938
32741
32872
32986
32905
32789
32848
32876
32738
32584
32700
32784
32764
32745
32775
32744
32757
32686
32674
32760
32731
32642
32748
32827
32752
32642
32622
32730
32833
32874
32894
32964
32946
32816
32890
32979
32970
32910
32882
32878
32768
32684
32800
32844
32880
32818
32839
32892
32775
32391
31934
31254
30592
30986
33584
37750
41388
43784
42300
38026
34162
32894
32144
31824
31619
31477
31516
31602
31520
31523
31632
31751
31762
31668
31724
31834
31892
31788
31812
31888
31883
31826
31843
31976
31993
31961
32014
32034
32002
32035
32178
32232
32192
32158
32258
32332
32298
32192
32320
32580
32756
32740
32846
33064
33150
33152
33232
33360
33440
33464
33536
33467
33305
33048
32928
32864
32752
32562
32485
32532
32540
32418
32434
32558
32520
32502
32560
32570
32542
32428
32428
32530
32552
32454
32482
32608
32667
32596
32544
32518
32544
32560
32699
32872
32877
32754
32762
32868
32885
32786
32784
32898
32888
32851
32852
32864
32888
32900
32956
32964
32936
32743
32804
32948
32966
32861
32856
32936
32924
32860
32902
32982
32952
32832
32836
32941
33012
32934
32908
32974
32992
32944
32947
32962
32962
32846
32800
33011
33060
32982
32976
33094
33080
32888
32879
33060
33093
32984
32976
33042
33028
32925
32970
33020
33044
32964
33032
33188
33211
33120
33164
33192
